main -3.28723 0.007562 6.53225 1.04529 -0.046166 6.6479 
neck 1.04529 -0.046166 6.6479 3.82262 0.117422 10.1155 
head 3.82262 0.117422 10.1155 5.09617 0.027941 9.50586 
foreLimpLeft1 1.04529 -0.046166 6.6479 0.725388 0.901412 4.58131 
foreLimpLeft2 0.725388 0.901412 4.58131 0.754795 0.833769 2.46738 
foreLimpLeft3 0.754795 0.833769 2.46738 1.12873 0.977109 0.247585 
foreLimpRight1 1.04529 -0.046166 6.6479 0.860039 -0.879883 4.57636 
foreLimpRight2 0.860039 -0.879883 4.57636 0.791663 -0.832001 2.54411 
foreLimpRight3 0.791663 -0.832001 2.54411 1.10602 -0.973116 0.315775 
rearLimpLeft1 -3.28723 0.007562 6.53225 -3.47072 0.948106 4.83142 
rearLimpLeft2 -3.47072 0.948106 4.83142 -4.32944 0.999349 3.3602 
rearLimpLeft3 -4.32944 0.999349 3.3602 -3.82203 0.92185 0.38832 
rearLimpRight1 -3.28723 0.007562 6.53225 -3.50671 -0.98387 4.76955 
rearLimpRight2 -3.50671 -0.98387 4.76955 -4.35306 -1.02564 3.27474 
rearLimpRight3 -4.35306 -1.02564 3.27474 -3.95187 -0.953122 0.402503 
rear -3.28723 0.007562 6.53225 -4.72861 0.042994 7.58907 
tail -4.72861 0.042994 7.58907 -6.19292 -0.121207 6.89699 