main 			-3.27937 0 6.54748 1.1924 0 6.52248
foreBody 		1.1924 0 6.52248 1.10618 0 6.59011
neck 			1.10618 0 6.59011 3.37606 0 10.1488
head 			3.37606 0 10.1488 5.30047 0 9.60812 

foreLimpLeft1 	1.10618 0 6.59011 0.725884 0.839304 4.46165
foreLimpLeft2 	0.725884 0.839304 4.46165 0.77446 0.809378 2.35916
foreLimpLeft3 	0.77446 0.809378 2.35916 1.13267 0.987654 0.277038

foreLimpRight1 	1.10618 0 6.59011 0.725884 -0.839304 4.46165
foreLimpRight2 	0.725884 -0.839304 4.46165 0.77446 -0.809378 2.35916 
foreLimpRight3 	0.77446 -0.809378 2.35916 1.13267 -0.987654 0.277038 

rearLimpLeft1 	-3.27937 0 6.54748 -3.68125 0.97429 4.44596 
rearLimpLeft2 	-3.68125 0.97429 4.44596 -4.47483 0.996134 3.23392 
rearLimpLeft3 	-4.47483 0.996134 3.23392 -3.81842 0.922832 0.331399 

rearLimpRight1 	-3.27937 0 6.54748 -3.68125 -0.97429 4.44596 
rearLimpRight2 	-3.68125 -0.97429 4.44596 -4.47483 -0.996134 3.23392 
rearLimpRight3 	-4.47483 -0.996134 3.23392 -3.81842 -0.922832 0.331399 

rear 			-3.27937 0 6.54748 -5 0 7.45887 
tail 			-5 0 7.45887 -6.29453 0 6.8779 