main -3.29182 0 6.54734 1.12498 0 6.62608
neck 1.12498 0 6.62608 3.37606 0 10.1488
head 3.37606 0 10.1488 5.30047 0 9.60812
foreLimpLeft1 1.12498 0 6.62608 0.725884 0.839304 4.46165 
foreLimpLeft2 0.725884 0.839304 4.46165 0.77446 0.809378 2.35916
foreLimpLeft3 0.77446 0.809378 2.35916 1.13267 0.987654 0.277038
foreLimpRight1 1.12498 0 6.62608 0.725884 -0.839304 4.46165 
foreLimpRight2 0.725884 -0.839304 4.46165 0.77446 -0.809378 2.35916 
foreLimpRight3 0.77446 -0.809378 2.35916 1.13267 -0.987654 0.277038
rearLimpLeft1 -3.29182 0 6.54734 -3.68125 0.97429 4.44596
rearLimpLeft2 -3.68125 0.97429 4.44596 -4.47483 0.996134 3.23392 
rearLimpLeft3 -4.47483 0.996134 3.23392 -3.81842 0.922832 0.331399 
rearLimpRight1 -3.29182 0 6.54734 -3.68125 -0.97429 4.44596
rearLimpRight2 -3.68125 -0.97429 4.44596 -4.47483 -0.996134 3.23392
rearLimpRight3 -4.47483 -0.996134 3.23392 -3.81842 -0.922832 0.331399  
rear -3.29182 0 6.54734 -5 0 7.45887 
tail -5 0 7.45887 -6.29453 0 6.8779 